d_quark             1
dbar_quark          -1
u_quark             2
ubar_quark          -2
s_quark             3
sbar_quark          -3
c_quark             4
c_quark             -4
                     11
                     -11
                     12
                     -12
mu-                 13
mu+                 -13
nu_mu               14
                    -14
                    22
                    91
                    92
                    111
                    113
                    130
                    211
                    -211
                    213
                    -213
                    221
                    223
                    310
                    311
                    -311
                    313
                    -313
                    321
                    -321
                    323
                    -323
                    331
                    333
                    411
                    -411
                    421
                    -421
                    431
                    1103
                    1112
                    1114
                    1214
                    2101
                    2103
neutron             2112
anti_neutron        -2112
                    2114
                    -2114
                    2116
                    2122
                    2124
                    2126
                    2203
                    2212
                    -2212
                    2214
                    2216
                    2222
                    2224
                    2226
                    2228
                    3112
                    3114
                    3122
                    -3122
                    3212
                    3214
                    3222
                    3224
                    3312
                    3322
                    4122
                    4212
                    4222
                    11114
                    12112
                    12114
                    12116
                    12212
                    12214
                    12216
                    12224
                    21214
                    22112
                    22124
                    22212
                    22214
                    22222
                    22224
                    31214
                    32124
                    32212
                    42212
deuteron       1000010020
anti_deuteron  -1000010020
triton         1000010030
anti_triton    -1000010030
B11            1000050110
C11            1000060110
C12            1000060120
C13            1000060130
N13            1000070130
N14            1000070140
N15            1000070150
O15            1000080150
O16            1000080160
Mg26           1000120260
Al26           1000130260
Al27           1000130270
Cl39           1000170390
Ar39           1000180390
Ar40           1000180400
Ta183          1000731830
W183           1000741830
W184           1000741840
HadrSyst       2000000001
HadrBlob       2000000002
Bindino        2000000101
UNKNOWN        2000000300
